48 answers
222111
242221
242111
444313
433313
444333

133333
133113
111113
244444
244224
222224

411111
441113
441333
444233
422233
222223

333344
334444
134224
133124
111122
112222

331111
333311
323114
322414
224444
222244

442222
442222
442111
444311
333311
333311

111111
311331
333333
222222
422442
444444

422222
444421
434221
433121
431111
333331

144444
111442
111442
133222
133222
333332

333444
344414
334114
233211
232221
222111

331111
311331
333311
442222
422442
444422

111113
212133
222113
244333
224343
244444

144444
114443
111433
112333
122233
222223

333444
333444
113224
133244
111222
111222

333331
333111
311111
444442
444222
422222

331442
331442
331442
311422
311422
311422

444333
411223
441233
411223
441233
111222

133244
113224
133244
113224
133244
113224

444222
442222
444212
343111
333311
333111

222333
222233
244233
441331
441111
444111

433333
432222
432112
433412
444412
111112

222221
421111
421331
422431
444431
433333

441111
411131
444133
442333
242223
222233

222244
212224
111244
113444
133343
113333

444222
441322
411332
441322
411332
111333

333444
333444
113422
133442
111222
111222

111222
111222
111222
333444
333444
333444

333444
311422
331442
311422
331442
111222

111222
111222
114322
144332
444333
444333

331111
311331
333311
222244
244224
224444

222244
222444
322444
333114
333111
331111

112222
112322
122333
111443
441433
444433

333444
331442
311422
331442
311422
111222

111112
441112
444122
443222
433322
433333

422222
422211
444211
443111
443331
333331

331244
331244
331244
311224
311224
311224

333331
223131
233111
222441
242411
244444

311442
311442
331422
311442
331422
331422

111111
211221
222222
333333
344334
444444

111114
222114
222114
233444
233444
233333

133333
133113
111113
444442
422442
422222

331111
331111
333122
334222
444422
444422

444433
422443
222443
211333
211331
221111

333332
111132
141332
144232
142222
144444

111222
111222
113224
133244
333444
333444

133442
113422
133442
113422
133442
113422

444441
444111
411111
233333
222333
222223

311422
311422
331442
311422
331442
331442

